Control Universal negro---------------------------------------------------------------------------------------------------------------------------------------------------------
1 ----- 0xFFA25D
2 ----- 0xFF629D
3 ----- 0xFFE21D
4 ----- 0xFF22DD
5 ----- 0xFF02FD
6 ----- 0xFFC23D
7 ----- 0xFFE01F
8 ----- 0xFFA857
9 ----- 0xFF906F
* ----- 0xFF6897
0 ----- 0xFF9867
# ----- 0xFFB04F
up ---- 0xFF18E7
down -- 0xFF4AB5
right - 0xFF5AA5
left -- 0xFF10EF
OK ---- 0xFF38C7

Control Luces LED ---------------------------------------------------------------------------------------------------------------------------------------------------------
uint64_t data
ON -- 0xF7C03F
OFF - 0xF740BF
Rojo- 0xF720DF
verde-0xF7A05F
azul--0xF7609F
blanco-0xF7E01F
DIM down-0xF7807F
DIM up-0xF700FF
VerdeAzul 0xF7B04F
AzulMorado 0xF7708F
Rosa 0xF76897

Control Aire whirpool---------------------------------------------------------------------------------------------------------------------------------------------------------
Protocol  : WHIRLPOOL_AC
Code      : 0x830600820000A82000000000000A00000000000000 (168 Bits)
ON
uint16_t rawData[343] = {9146, 4540,  634, 1646,  634, 1648,  632, 512,  636, 516,  636, 520,  636, 524,  636, 526,  636, 1656,  634, 504,  636, 1650,  634, 1652,  634, 514,  636, 520,  636, 522,  636, 526,  636, 518,  636, 506,  634, 510,  634, 1654,  632, 518,  636, 520,  634, 524,  636, 528,  634, 516,  636, 506,  636, 1650,  634, 512,  636, 516,  636, 518,  636, 524,  636, 528,  636, 1656,  634, 506,  634, 510,  636, 512,  636, 518,  636, 518,  636, 524,  634, 528,  636, 516,  636, 506,  636, 510,  636, 512,  636, 518,  634, 520,  634, 524,  636, 526,  636, 498,  638, 8034,  636, 506,  636, 510,  634, 514,  634, 1658,  634, 520,  634, 524,  636, 528,  634, 1654,  636, 506,  636, 1650,  634, 512,  636, 1654,  636, 518,  636, 524,  636, 526,  636, 516,  636, 506,  636, 508,  636, 512,  636, 516,  636, 520,  636, 524,  636, 526,  636, 516,  636, 506,  634, 510,  634, 514,  636, 516,  636, 520,  636, 524,  636, 526,  636, 518,  634, 506,  636, 510,  636, 514,  636, 516,  636, 520,  634, 524,  636, 526,  636, 516,  636, 504,  638, 508,  634, 514,  636, 518,  634, 520,  636, 524,  636, 526,  636, 516,  636, 506,  636, 510,  636, 512,  636, 516,  634, 520,  636, 522,  636, 526,  636, 516,  636, 506,  636, 508,  636, 1654,  634, 516,  636, 520,  636, 522,  638, 526,  636, 498,  638, 8036,  638, 504,  636, 510,  636, 512,  636, 516,  636, 520,  636, 524,  636, 526,  636, 516,  636, 1648,  634, 510,  636, 512,  634, 516,  636, 520,  634, 524,  636, 526,  636, 516,  636, 506,  636, 510,  636, 514,  636, 516,  636, 520,  636, 524,  636, 528,  634, 518,  636, 506,  636, 510,  634, 516,  634, 516,  636, 520,  636, 524,  634, 526,  636, 516,  636, 504,  636, 510,  636, 512,  636, 516,  636, 520,  636, 524,  634, 526,  636, 516,  634, 506,  636, 510,  636, 512,  636, 516,  636, 518,  636, 524,  634, 528,  636, 516,  636, 1644,  636, 508,  636, 512,  636, 516,  636, 520,  636, 524,  634, 528,  636, 498,  614};
OFF

27
uint16_t rawData[343] = {9128, 4558,  616, 1664,  612, 1670,  612, 538,  612, 540,  612, 542,  614, 546,  612, 550,  612, 1676,  616, 528,  612, 1672,  612, 1674,  614, 538,  614, 542,  614, 544,  616, 548,  614, 538,  614, 528,  614, 530,  612, 536,  612, 540,  614, 542,  614, 546,  614, 550,  614, 536,  614, 528,  612, 1672,  610, 536,  614, 538,  614, 1682,  612, 546,  614, 548,  614, 1680,  612, 526,  614, 530,  616, 532,  614, 538,  616, 542,  614, 544,  614, 548,  616, 536,  616, 526,  614, 532,  614, 534,  610, 542,  616, 540,  614, 546,  614, 550,  614, 520,  614, 8058,  612, 530,  612, 532,  616, 532,  614, 1678,  612, 540,  614, 546,  616, 546,  616, 1676,  616, 524,  614, 530,  614, 1672,  614, 1676,  614, 1680,  616, 542,  614, 548,  614, 536,  616, 526,  616, 530,  614, 532,  620, 534,  618, 538,  618, 540,  616, 548,  616, 536,  614, 526,  616, 528,  614, 534,  616, 536,  618, 538,  616, 542,  616, 546,  614, 538,  616, 524,  616, 528,  618, 530,  616, 536,  616, 540,  618, 540,  616, 546,  616, 536,  616, 524,  616, 528,  616, 532,  618, 536,  616, 538,  616, 544,  614, 546,  618, 536,  616, 524,  616, 526,  618, 530,  618, 536,  614, 542,  616, 542,  616, 548,  614, 536,  616, 526,  618, 1666,  618, 1670,  614, 534,  616, 540,  616, 542,  618, 544,  618, 516,  618, 8052,  618, 526,  614, 530,  612, 534,  618, 534,  616, 538,  616, 542,  620, 544,  616, 536,  616, 526,  618, 1664,  616, 530,  616, 536,  616, 540,  614, 544,  616, 546,  616, 534,  616, 526,  614, 528,  620, 528,  616, 536,  620, 536,  618, 542,  616, 546,  618, 534,  618, 524,  616, 528,  616, 532,  616, 534,  618, 538,  616, 542,  616, 546,  618, 534,  616, 524,  616, 528,  618, 530,  616, 536,  616, 538,  618, 542,  618, 544,  618, 534,  616, 524,  616, 528,  616, 534,  616, 536,  618, 538,  616, 542,  618, 544,  616, 534,  620, 522,  618, 1664,  616, 532,  618, 534,  618, 538,  616, 542,  620, 542,  618, 514,  612};
26
uint16_t rawData[343] = {9144, 4540,  636, 1670,  610, 1652,  630, 514,  634, 518,  634, 520,  634, 524,  634, 528,  636, 1680,  608, 506,  634, 1672,  608, 1678,  608, 518,  634, 522,  634, 524,  634, 528,  636, 516,  634, 506,  636, 508,  634, 514,  634, 518,  636, 520,  634, 524,  634, 528,  634, 518,  632, 508,  634, 1674,  608, 514,  632, 520,  634, 520,  636, 524,  632, 530,  632, 1682,  608, 508,  632, 510,  634, 516,  632, 518,  632, 522,  632, 526,  634, 528,  634, 518,  632, 510,  632, 512,  632, 516,  632, 520,  634, 524,  630, 528,  630, 532,  630, 500,  634, 8036,  632, 508,  632, 514,  632, 516,  630, 1662,  628, 524,  630, 528,  630, 532,  630, 1662,  628, 510,  630, 514,  630, 1658,  628, 1660,  632, 1666,  626, 528,  630, 532,  628, 522,  630, 510,  630, 514,  630, 518,  630, 524,  630, 524,  630, 528,  630, 532,  630, 520,  630, 512,  628, 514,  630, 518,  630, 522,  630, 526,  630, 530,  630, 532,  628, 524,  626, 512,  630, 514,  630, 518,  628, 522,  630, 526,  630, 530,  630, 532,  628, 522,  628, 512,  630, 514,  630, 520,  628, 524,  630, 526,  630, 528,  630, 532,  632, 522,  630, 512,  628, 514,  630, 518,  630, 522,  630, 524,  628, 530,  630, 532,  630, 524,  628, 512,  630, 1656,  626, 1660,  626, 522,  628, 1666,  630, 526,  632, 532,  630, 504,  630, 8038,  630, 512,  630, 514,  630, 518,  632, 520,  630, 526,  630, 528,  632, 530,  630, 522,  632, 510,  630, 1678,  604, 516,  632, 520,  628, 526,  630, 530,  630, 532,  632, 520,  632, 510,  630, 514,  630, 516,  632, 520,  632, 524,  630, 528,  630, 530,  630, 522,  632, 510,  630, 512,  632, 516,  630, 520,  632, 524,  632, 528,  630, 530,  632, 522,  630, 510,  632, 514,  630, 518,  630, 520,  632, 524,  632, 528,  630, 532,  632, 520,  628, 510,  632, 514,  632, 516,  632, 520,  630, 522,  632, 526,  632, 530,  634, 518,  630, 510,  632, 1652,  630, 516,  632, 520,  632, 522,  632, 526,  634, 528,  632, 502,  614}; 
25
uint16_t rawData[343] = {9144, 4542,  636, 1644,  636, 1648,  634, 516,  632, 518,  634, 522,  636, 524,  636, 526,  636, 1654,  636, 506,  634, 1652,  634, 1650,  634, 516,  636, 520,  636, 522,  634, 528,  636, 516,  636, 506,  634, 510,  634, 514,  636, 516,  634, 520,  634, 524,  634, 528,  634, 518,  634, 508,  634, 1650,  636, 512,  634, 518,  634, 1662,  632, 1664,  634, 1666,  634, 518,  634, 506,  634, 510,  634, 514,  634, 518,  634, 520,  634, 524,  634, 528,  634, 518,  634, 506,  634, 512,  634, 514,  634, 518,  634, 520,  634, 524,  634, 528,  634, 500,  634, 8036,  634, 506,  634, 510,  634, 512,  634, 1656,  634, 522,  634, 526,  634, 528,  634, 1654,  634, 1646,  636, 508,  634, 1652,  634, 1656,  634, 1658,  632, 526,  632, 528,  634, 518,  632, 510,  632, 512,  634, 514,  634, 518,  634, 522,  636, 522,  634, 528,  634, 518,  632, 508,  634, 510,  634, 514,  634, 518,  634, 520,  636, 524,  634, 528,  634, 518,  632, 508,  632, 512,  634, 514,  634, 518,  632, 522,  634, 526,  632, 530,  634, 518,  634, 506,  634, 510,  632, 514,  634, 518,  634, 522,  634, 524,  634, 528,  634, 518,  634, 506,  634, 512,  632, 514,  632, 520,  632, 522,  632, 524,  634, 528,  634, 518,  634, 1646,  632, 1650,  632, 1652,  634, 518,  634, 522,  632, 1664,  632, 1666,  632, 1638,  634, 8030,  632, 508,  634, 510,  634, 514,  632, 518,  634, 522,  632, 526,  632, 530,  634, 518,  632, 508,  634, 1650,  632, 514,  634, 518,  634, 522,  632, 524,  632, 530,  632, 518,  632, 508,  634, 510,  632, 516,  632, 518,  638, 518,  632, 526,  632, 530,  632, 518,  632, 508,  632, 512,  632, 516,  632, 518,  634, 522,  630, 528,  632, 530,  632, 518,  632, 508,  634, 512,  632, 516,  632, 520,  632, 522,  634, 524,  634, 528,  632, 520,  632, 508,  632, 512,  634, 514,  632, 518,  632, 524,  632, 526,  632, 530,  630, 520,  632, 508,  632, 1650,  632, 516,  632, 518,  632, 522,  632, 526,  630, 530,  632, 500,  612};  // WHIRLPOOL_AC
24
uint16_t rawData[343] = {9144, 4542,  636, 1644,  634, 1646,  636, 512,  634, 516,  636, 520,  634, 524,  634, 526,  634, 1656,  634, 508,  634, 1648,  634, 1652,  634, 516,  634, 522,  636, 522,  634, 528,  636, 516,  636, 506,  634, 510,  634, 514,  634, 516,  636, 520,  634, 524,  634, 528,  634, 516,  636, 506,  636, 1648,  634, 512,  636, 516,  636, 520,  636, 1662,  632, 1666,  634, 518,  634, 506,  634, 510,  634, 514,  634, 518,  634, 520,  634, 524,  634, 528,  636, 516,  636, 504,  636, 510,  634, 514,  634, 516,  634, 522,  634, 524,  634, 528,  634, 500,  634, 8034,  636, 506,  636, 508,  636, 512,  634, 1654,  636, 520,  634, 524,  634, 528,  634, 1654,  636, 1644,  634, 508,  634, 1652,  634, 1654,  634, 1656,  636, 522,  636, 526,  636, 516,  636, 504,  636, 508,  636, 512,  636, 516,  636, 520,  636, 524,  636, 526,  634, 516,  636, 506,  634, 510,  636, 512,  636, 518,  634, 520,  634, 524,  634, 526,  636, 518,  636, 504,  634, 510,  636, 512,  634, 518,  636, 520,  634, 524,  634, 526,  636, 518,  632, 506,  636, 508,  636, 512,  636, 516,  636, 520,  636, 524,  636, 526,  636, 516,  636, 506,  636, 510,  634, 514,  634, 518,  634, 522,  634, 524,  636, 528,  636, 516,  636, 1648,  634, 1648,  634, 1652,  634, 516,  636, 1660,  634, 1664,  634, 1666,  636, 1636,  636, 8034,  636, 506,  634, 510,  634, 514,  636, 516,  634, 522,  634, 526,  634, 528,  634, 518,  634, 508,  636, 1648,  636, 512,  634, 516,  634, 522,  634, 524,  636, 528,  634, 518,  636, 504,  636, 510,  636, 514,  634, 518,  634, 520,  636, 522,  636, 528,  634, 516,  636, 506,  636, 508,  636, 512,  636, 516,  636, 520,  636, 524,  634, 526,  636, 518,  636, 506,  636, 510,  634, 516,  634, 518,  634, 522,  634, 524,  636, 528,  636, 518,  634, 506,  636, 510,  634, 514,  636, 516,  634, 522,  634, 524,  634, 526,  636, 516,  636, 506,  636, 1648,  634, 514,  636, 516,  636, 522,  632, 524,  636, 526,  634, 500,  612};  // WHIRLPOOL_AC
23
uint16_t rawData[343] = {9116, 4566,  608, 1672,  608, 1672,  636, 514,  608, 542,  610, 546,  608, 550,  634, 528,  608, 1680,  610, 532,  608, 1676,  608, 1674,  610, 542,  610, 546,  612, 546,  614, 548,  608, 542,  610, 532,  608, 536,  636, 514,  610, 542,  608, 546,  610, 550,  608, 554,  632, 520,  632, 510,  608, 1674,  608, 540,  608, 542,  608, 1686,  610, 548,  634, 1664,  636, 516,  608, 532,  610, 534,  608, 540,  608, 544,  608, 546,  636, 524,  610, 552,  608, 542,  610, 534,  632, 512,  632, 516,  608, 542,  634, 522,  608, 548,  610, 554,  608, 526,  636, 8036,  610, 532,  608, 536,  634, 514,  634, 1656,  608, 546,  610, 550,  608, 554,  636, 1654,  634, 508,  608, 1674,  634, 1654,  634, 1656,  608, 1686,  608, 550,  634, 528,  608, 544,  608, 534,  608, 536,  634, 514,  610, 542,  634, 522,  608, 550,  610, 554,  634, 518,  634, 508,  608, 536,  608, 540,  608, 542,  610, 548,  632, 526,  608, 554,  608, 544,  634, 508,  608, 536,  608, 540,  610, 542,  634, 522,  634, 524,  608, 554,  608, 544,  608, 532,  608, 538,  632, 514,  610, 542,  634, 520,  616, 544,  608, 556,  608, 542,  634, 508,  608, 538,  610, 536,  608, 544,  608, 546,  608, 548,  634, 530,  608, 544,  632, 508,  634, 510,  610, 1676,  608, 544,  632, 522,  610, 548,  634, 1666,  634, 1638,  610, 8058,  636, 506,  634, 510,  608, 538,  634, 518,  610, 546,  634, 524,  610, 554,  634, 518,  634, 508,  612, 1670,  634, 514,  612, 538,  632, 522,  612, 548,  632, 530,  632, 518,  634, 508,  608, 538,  610, 538,  610, 542,  610, 546,  634, 524,  636, 528,  632, 520,  632, 510,  608, 536,  634, 516,  632, 518,  628, 528,  634, 526,  608, 554,  608, 544,  632, 508,  634, 512,  632, 516,  634, 518,  608, 548,  610, 548,  634, 528,  632, 520,  634, 508,  632, 512,  608, 538,  634, 518,  608, 548,  608, 550,  632, 530,  610, 542,  612, 530,  632, 1650,  634, 516,  610, 542,  608, 548,  634, 524,  608, 552,  610, 526,  588};  // WHIRLPOOL_AC

22
uint16_t rawData[343] = {9146, 4548,  628, 1656,  626, 1658,  626, 522,  626, 524,  628, 530,  628, 532,  628, 534,  628, 1668,  624, 514,  628, 1658,  626, 1664,  626, 524,  630, 528,  628, 534,  626, 536,  628, 524,  628, 514,  628, 518,  628, 520,  628, 524,  630, 526,  630, 530,  628, 534,  630, 524,  626, 516,  628, 1658,  628, 518,  630, 524,  628, 526,  628, 532,  628, 1674,  626, 524,  630, 512,  630, 514,  630, 520,  628, 524,  628, 528,  630, 528,  630, 534,  630, 524,  630, 510,  630, 516,  630, 520,  630, 522,  630, 526,  630, 528,  630, 534,  630, 506,  632, 8042,  630, 512,  628, 516,  628, 522,  630, 1664,  628, 526,  630, 528,  630, 534,  630, 1662,  628, 512,  630, 1654,  626, 1660,  628, 1664,  630, 1668,  628, 530,  630, 532,  630, 522,  632, 512,  630, 516,  630, 518,  630, 522,  630, 526,  630, 528,  632, 532,  630, 520,  634, 510,  630, 514,  630, 518,  628, 524,  630, 524,  630, 530,  632, 532,  630, 524,  630, 510,  632, 514,  630, 518,  630, 520,  632, 526,  630, 530,  630, 532,  632, 522,  630, 510,  630, 514,  630, 518,  630, 522,  630, 526,  628, 530,  630, 534,  628, 524,  630, 512,  630, 514,  632, 516,  632, 522,  628, 526,  630, 530,  630, 532,  630, 520,  630, 510,  630, 514,  632, 1658,  628, 520,  630, 1668,  628, 528,  628, 1672,  630, 1642,  632, 8038,  632, 512,  630, 514,  630, 520,  628, 524,  630, 526,  630, 528,  630, 532,  630, 522,  632, 510,  630, 1654,  630, 516,  630, 522,  632, 522,  632, 528,  630, 532,  632, 520,  632, 508,  632, 514,  630, 518,  630, 522,  630, 526,  632, 528,  630, 532,  632, 520,  630, 512,  632, 512,  632, 516,  632, 522,  630, 524,  632, 528,  630, 532,  630, 520,  630, 510,  630, 514,  632, 518,  632, 520,  630, 524,  632, 528,  630, 532,  632, 522,  632, 510,  632, 514,  632, 516,  632, 520,  632, 524,  630, 528,  632, 532,  632, 520,  630, 510,  632, 1654,  630, 518,  632, 522,  632, 524,  630, 528,  632, 532,  630, 504,  588};  // WHIRLPOOL_AC

21
uint16_t rawData[343] = {9134, 4552,  622, 1660,  620, 1662,  622, 526,  620, 532,  620, 536,  620, 538,  620, 542,  622, 1670,  622, 518,  622, 1662,  622, 1664,  622, 530,  620, 536,  622, 536,  622, 542,  620, 532,  620, 520,  622, 524,  624, 526,  620, 532,  620, 536,  620, 536,  620, 542,  618, 532,  620, 522,  622, 1660,  620, 528,  620, 532,  624, 1668,  624, 1672,  624, 540,  620, 532,  622, 518,  624, 524,  620, 528,  622, 530,  622, 534,  620, 540,  622, 542,  622, 530,  624, 518,  622, 522,  620, 528,  620, 532,  622, 534,  620, 540,  622, 540,  624, 512,  620, 8050,  624, 518,  622, 522,  622, 524,  624, 1666,  622, 532,  622, 538,  622, 540,  620, 1670,  622, 518,  624, 1660,  624, 1662,  624, 1666,  622, 1672,  622, 536,  622, 542,  622, 528,  622, 520,  624, 522,  620, 526,  622, 530,  622, 532,  622, 538,  622, 538,  622, 530,  624, 518,  622, 522,  624, 524,  622, 528,  622, 534,  620, 540,  620, 540,  622, 530,  620, 520,  622, 524,  622, 524,  622, 532,  622, 534,  622, 536,  620, 542,  624, 528,  624, 518,  622, 522,  624, 524,  622, 528,  622, 534,  622, 534,  622, 540,  622, 528,  626, 516,  622, 522,  624, 524,  624, 528,  624, 530,  622, 534,  622, 540,  622, 530,  622, 518,  622, 522,  624, 1662,  622, 530,  620, 534,  624, 1672,  624, 538,  624, 1650,  624, 8046,  626, 516,  624, 522,  624, 526,  624, 528,  624, 532,  624, 536,  622, 538,  622, 530,  622, 518,  622, 1662,  622, 524,  624, 528,  622, 534,  624, 534,  624, 538,  622, 528,  626, 516,  624, 520,  622, 526,  624, 526,  624, 532,  624, 536,  624, 538,  626, 526,  624, 520,  622, 522,  624, 526,  626, 526,  624, 532,  624, 536,  624, 540,  624, 528,  624, 518,  622, 522,  624, 524,  626, 526,  626, 530,  626, 534,  624, 536,  624, 528,  622, 518,  624, 522,  624, 524,  624, 528,  626, 530,  626, 534,  624, 538,  624, 528,  624, 518,  624, 1658,  624, 526,  624, 526,  626, 532,  624, 534,  624, 538,  626, 508,  614};  // WHIRLPOOL_AC

20
uint16_t rawData[343] = {9148, 4540,  634, 1646,  634, 1650,  630, 516,  634, 518,  636, 522,  632, 526,  632, 528,  636, 1656,  634, 508,  632, 1650,  632, 1652,  634, 518,  634, 522,  636, 524,  634, 528,  634, 518,  634, 506,  636, 512,  634, 514,  634, 518,  634, 522,  634, 526,  632, 528,  634, 518,  634, 506,  632, 1650,  632, 514,  634, 518,  632, 522,  634, 1664,  634, 528,  634, 518,  634, 506,  634, 512,  634, 514,  634, 518,  632, 522,  634, 524,  634, 528,  632, 518,  634, 508,  632, 512,  630, 516,  634, 518,  632, 522,  632, 526,  632, 530,  632, 500,  636, 8034,  632, 508,  632, 512,  632, 516,  632, 1658,  632, 522,  632, 526,  632, 530,  634, 1658,  632, 508,  632, 1650,  632, 1654,  634, 1658,  632, 1660,  630, 526,  632, 528,  632, 518,  634, 506,  634, 510,  632, 514,  632, 518,  632, 522,  634, 524,  632, 530,  634, 518,  632, 508,  632, 510,  632, 514,  634, 518,  632, 522,  632, 526,  632, 530,  634, 518,  634, 508,  632, 512,  632, 516,  632, 518,  634, 524,  632, 526,  632, 530,  632, 520,  632, 510,  632, 512,  632, 514,  632, 520,  632, 522,  632, 524,  632, 528,  632, 520,  632, 508,  632, 512,  630, 516,  632, 518,  632, 522,  632, 526,  632, 530,  632, 518,  632, 508,  632, 512,  632, 1654,  630, 520,  630, 1660,  632, 1664,  632, 530,  632, 1638,  632, 8034,  632, 510,  632, 512,  632, 516,  630, 520,  634, 524,  630, 526,  632, 530,  634, 518,  632, 508,  632, 1650,  632, 514,  634, 518,  632, 524,  632, 526,  632, 530,  632, 520,  632, 508,  632, 514,  632, 516,  632, 520,  632, 522,  632, 526,  632, 530,  632, 518,  632, 508,  634, 512,  632, 516,  632, 520,  632, 522,  634, 526,  632, 530,  632, 518,  632, 508,  632, 512,  632, 516,  632, 520,  632, 522,  632, 526,  632, 530,  632, 518,  632, 508,  632, 512,  632, 516,  632, 520,  634, 522,  634, 524,  632, 528,  634, 518,  634, 508,  634, 1648,  632, 514,  632, 518,  634, 520,  634, 526,  634, 528,  634, 500,  614};  // WHIRLPOOL_AC

19
uint16_t rawData[343] = {9140, 4538,  634, 1646,  634, 1648,  634, 514,  634, 518,  634, 520,  634, 524,  634, 528,  634, 1656,  632, 508,  634, 1648,  634, 1652,  632, 516,  634, 520,  634, 522,  636, 526,  636, 514,  634, 508,  634, 510,  634, 514,  636, 516,  634, 522,  634, 524,  632, 528,  634, 516,  634, 508,  634, 1650,  632, 512,  636, 516,  634, 1662,  632, 524,  634, 528,  634, 516,  634, 508,  634, 510,  634, 514,  634, 516,  634, 520,  634, 524,  634, 530,  632, 516,  636, 506,  634, 508,  636, 514,  634, 518,  634, 522,  634, 522,  634, 528,  634, 500,  636, 8030,  636, 506,  632, 510,  634, 514,  634, 1658,  632, 518,  636, 524,  634, 528,  634, 1656,  632, 506,  632, 1650,  632, 1652,  634, 1656,  632, 1660,  632, 524,  634, 528,  634, 516,  636, 508,  634, 510,  634, 512,  634, 518,  632, 522,  634, 524,  634, 528,  634, 516,  636, 506,  634, 510,  634, 514,  634, 518,  634, 520,  634, 524,  634, 528,  634, 516,  634, 508,  634, 510,  636, 512,  634, 516,  634, 520,  634, 524,  632, 530,  634, 518,  634, 508,  634, 510,  634, 514,  634, 518,  634, 520,  634, 526,  634, 528,  634, 516,  634, 508,  632, 510,  634, 514,  634, 518,  636, 520,  634, 524,  634, 528,  634, 516,  634, 506,  634, 510,  636, 1652,  632, 518,  634, 522,  634, 524,  634, 528,  634, 1640,  634, 8030,  634, 508,  634, 510,  634, 514,  634, 516,  634, 520,  634, 526,  632, 530,  634, 518,  634, 506,  634, 1652,  632, 512,  634, 518,  634, 520,  634, 524,  634, 528,  636, 516,  634, 508,  632, 512,  634, 514,  634, 516,  636, 520,  634, 524,  634, 528,  634, 518,  634, 508,  634, 510,  634, 514,  634, 518,  634, 520,  636, 524,  632, 530,  634, 518,  636, 506,  634, 510,  634, 514,  636, 516,  634, 522,  632, 524,  636, 528,  634, 518,  634, 508,  634, 510,  634, 514,  634, 518,  634, 520,  634, 524,  636, 528,  634, 518,  634, 506,  634, 1650,  634, 514,  634, 518,  634, 520,  636, 522,  636, 526,  634, 500,  588};  // WHIRLPOOL_AC

18
uint16_t rawData[343] = {9146, 4538,  636, 1644,  636, 1646,  636, 512,  636, 516,  634, 522,  634, 524,  636, 526,  636, 1656,  634, 506,  634, 1648,  636, 1654,  634, 516,  636, 518,  636, 524,  634, 526,  634, 518,  634, 506,  636, 510,  636, 512,  636, 516,  634, 522,  634, 524,  634, 528,  634, 518,  634, 508,  634, 1648,  634, 514,  634, 518,  636, 518,  636, 524,  634, 526,  634, 518,  634, 506,  634, 510,  634, 512,  636, 516,  634, 520,  636, 524,  634, 528,  636, 518,  634, 506,  636, 508,  636, 512,  636, 516,  636, 520,  634, 524,  634, 528,  634, 500,  636, 8034,  636, 506,  634, 510,  634, 514,  634, 1656,  632, 520,  636, 524,  634, 528,  636, 1656,  634, 506,  634, 1648,  634, 1652,  634, 1656,  636, 1658,  634, 524,  634, 528,  634, 516,  634, 506,  636, 508,  634, 514,  636, 516,  634, 520,  634, 524,  636, 528,  634, 518,  634, 506,  634, 510,  634, 512,  634, 518,  634, 520,  636, 522,  636, 528,  634, 516,  634, 508,  634, 508,  634, 512,  636, 516,  634, 520,  634, 524,  636, 526,  634, 518,  634, 506,  636, 508,  636, 512,  634, 518,  634, 520,  634, 524,  634, 528,  634, 518,  634, 506,  636, 510,  636, 512,  634, 516,  636, 520,  636, 524,  634, 528,  634, 516,  634, 506,  634, 510,  636, 1652,  634, 518,  634, 1658,  634, 524,  634, 528,  634, 1638,  634, 8030,  634, 506,  634, 510,  632, 514,  636, 516,  636, 520,  634, 524,  636, 526,  636, 516,  634, 508,  634, 1646,  636, 512,  636, 518,  634, 520,  634, 524,  634, 528,  634, 516,  634, 506,  636, 508,  634, 512,  634, 518,  634, 520,  634, 524,  634, 528,  634, 518,  634, 506,  634, 512,  632, 514,  634, 518,  634, 520,  634, 524,  636, 526,  634, 516,  634, 508,  634, 510,  634, 512,  634, 516,  634, 520,  634, 524,  634, 526,  634, 518,  634, 506,  634, 510,  634, 514,  634, 518,  634, 520,  634, 524,  636, 526,  634, 516,  634, 508,  636, 1646,  634, 512,  634, 516,  634, 520,  634, 524,  634, 528,  634, 500,  588};  // WHIRLPOOL_AC

DIM
uint16_t rawData[343] = {9138, 4538,  636, 1644,  634, 1648,  634, 512,  636, 516,  636, 520,  634, 524,  636, 526,  634, 1654,  634, 508,  634, 1648,  634, 1650,  634, 516,  636, 518,  636, 522,  634, 526,  634, 518,  634, 506,  636, 510,  634, 512,  634, 516,  634, 520,  636, 524,  634, 528,  636, 518,  634, 506,  632, 1648,  636, 514,  634, 516,  634, 520,  634, 524,  634, 526,  636, 1652,  634, 506,  634, 510,  634, 514,  634, 516,  634, 520,  634, 524,  634, 526,  634, 516,  634, 506,  634, 510,  634, 512,  634, 516,  634, 520,  634, 522,  634, 528,  636, 498,  636, 8028,  634, 506,  636, 508,  634, 512,  636, 1652,  634, 520,  634, 1662,  634, 526,  634, 1654,  634, 506,  634, 510,  634, 514,  632, 518,  634, 522,  632, 1662,  634, 526,  634, 518,  634, 506,  634, 510,  632, 514,  634, 518,  634, 520,  634, 524,  632, 528,  632, 516,  634, 508,  632, 510,  634, 514,  632, 518,  632, 522,  632, 526,  632, 528,  632, 520,  630, 510,  630, 514,  630, 516,  630, 522,  630, 524,  630, 528,  632, 532,  628, 522,  630, 512,  630, 514,  630, 518,  630, 522,  628, 526,  630, 528,  628, 532,  630, 520,  628, 512,  628, 516,  630, 518,  630, 520,  628, 526,  628, 528,  630, 532,  626, 524,  628, 512,  630, 1654,  626, 518,  630, 1660,  626, 526,  628, 530,  628, 532,  628, 506,  628, 8036,  628, 512,  628, 516,  628, 518,  630, 522,  630, 524,  630, 528,  630, 532,  628, 522,  630, 512,  626, 516,  630, 520,  628, 522,  628, 526,  628, 530,  630, 532,  628, 524,  628, 512,  628, 518,  626, 520,  628, 522,  630, 524,  630, 530,  630, 532,  628, 522,  630, 512,  630, 516,  628, 520,  630, 522,  630, 524,  630, 530,  630, 532,  628, 522,  630, 512,  630, 514,  628, 518,  628, 522,  630, 524,  630, 530,  630, 532,  628, 522,  630, 510,  628, 516,  628, 518,  630, 522,  630, 524,  630, 528,  630, 532,  630, 522,  630, 512,  628, 516,  630, 518,  630, 520,  630, 524,  630, 530,  628, 532,  630, 504,  612};  // WHIRLPOOL_AC


